82.342270
43.337940
17.540695
5.523279
3.171718
2.430695
34.496815
70.642456
84.389099
39.226444
45.680599
68.583786
28.737997
37.823841
67.555313
54.918037
19.453491
49.704197
42.429329
32.432930
88.233978
89.303551
42.380596
64.806023
2.138490
18.599640
20.948399
35.818081
24.589560
25.036917
60.318981
16.931831
68.374855
77.859673
22.455112
71.546570
80.290375
56.951927
52.189030
74.679466
6.178370
7.869625
53.263260
34.916367
45.693462
30.818571
89.834404
65.146957
80.522766
42.263733
7.579888
78.756737
41.567291
49.960484
53.562759
43.705776
68.560120
74.511162
79.523857
3.149681
9.548076
49.842842
20.081514
77.922928
37.702518
42.536625
59.469505
27.992886
9.488552
21.658533
12.672356
15.666924
29.528158
